<?xml version="1.0"?>
<opencv_storage>
<is_ring>0</is_ring>
<index>
  1 2</index>
<CModelName_C0>GeyerModel</CModelName_C0>
<f_C0>1.8457738662684750e+02</f_C0>
<u0_C0>3.9093491479422738e+02</u0_C0>
<v0_C0>2.3927719930060806e+02</v0_C0>
<fov_C0>3.1658346814209990e+00</fov_C0>
<maxRadius_C0>2.8993348092285351e+02</maxRadius_C0>
<extraParamNum_C0>2</extraParamNum_C0>
<arg_3_C0>9.7651699999999997e-01</arg_3_C0>
<arg_4_C0>1.7438030000000000e+00</arg_4_C0>
<RotationMat_C0 type_id="opencv-matrix">
  <rows>3</rows>
  <cols>3</cols>
  <dt>d</dt>
  <data>
    0. -3.6402255423937053e-16 1. -3.8268343236509039e-01
    9.2387953251128641e-01 3.3631298723423413e-16
    -9.2387953251128663e-01 -3.8268343236509028e-01
    -1.3930540051462961e-16</data></RotationMat_C0>
<CModelName_C1>GeyerModel</CModelName_C1>
<f_C1>1.8457738662684750e+02</f_C1>
<u0_C1>3.9093491479422738e+02</u0_C1>
<v0_C1>2.3927719930060806e+02</v0_C1>
<fov_C1>3.1658346814209990e+00</fov_C1>
<maxRadius_C1>2.8993348092285351e+02</maxRadius_C1>
<extraParamNum_C1>2</extraParamNum_C1>
<arg_3_C1>9.7651699999999997e-01</arg_3_C1>
<arg_4_C1>1.7438030000000000e+00</arg_4_C1>
<RotationMat_C1 type_id="opencv-matrix">
  <rows>3</rows>
  <cols>3</cols>
  <dt>d</dt>
  <data>
    9.2387953251128663e-01 3.8268343236509028e-01 2.0053774047199728e-16
    -3.8268343236509039e-01 9.2387953251128641e-01
    3.3631298723423413e-16 -5.6571305614385013e-17
    -3.8745515626600207e-16 1.</data></RotationMat_C1>
<CModelName_C2>GeyerModel</CModelName_C2>
<f_C2>1.8457738662684750e+02</f_C2>
<u0_C2>3.9093491479422738e+02</u0_C2>
<v0_C2>2.3927719930060806e+02</v0_C2>
<fov_C2>3.1658346814209990e+00</fov_C2>
<maxRadius_C2>2.8993348092285351e+02</maxRadius_C2>
<extraParamNum_C2>2</extraParamNum_C2>
<arg_3_C2>9.7651699999999997e-01</arg_3_C2>
<arg_4_C2>1.7438030000000000e+00</arg_4_C2>
<RotationMat_C2 type_id="opencv-matrix">
  <rows>3</rows>
  <cols>3</cols>
  <dt>d</dt>
  <data>
    -3.1245971410378170e-01 -7.5434447948457151e-01
    5.7735026918962640e-01 -2.2094238269039598e-01
    -5.3340209679417672e-01 -8.1649658092772603e-01
    9.2387953251128707e-01 -3.8268343236509000e-01
    -8.7316371494046446e-16</data></RotationMat_C2>
</opencv_storage>
